1585
2547
196
1966
2931
2831
1503
2262
2939
3654
1516
490
3651
402
1600
3094
1158
561
390
1045
2341
731
3611
1665
2854
3469
1639
2081
2628
379
565
3915
2006
2135
1743
1473
332
3476
1227
544
2230
2570
1716
1297
712
1676
553
348
3510
1316
281
1361
1594
3198
2850
754
2933
111
1763
2485
2816
2617
3539
2762
1995
325
2902
1644
1931
323
1840
2385
2831
2946
1042
2923
157
2209
2471
288
2895
3459
689
889
815
3142
2224
270
1254
105
2080
1579
2818
2542
512
1310
2688
323
2445
3085
1753
223
458
187
3243
3288
303
2785
927
1315
2722
908
2231
564
792
990
1653
973
2719
1979
2160
911
1280
2980
2543
260
3683
2484
1704
2673
3201
1199
2523
2422
2543
352
1252
2518
707
2183
3578
1313
2223
234
2987
1222
1316
2482
60
332
400
2672
1094
2353
129
2305
290
1278
738
220
2263
2506
3269
426
480
2393
2376
666
3352
73
2724
3772
2527
1348
2299
2766
3275
1061
637
441
2061
60
1194
1246
2924
3370
340
3032
2022
1821
2247
3751
2985
416
1577
3717
794
3429
3677
2131
2208
360
388
2908
833
2953
925
2305
1312
1638
66
1381
1879
605
323
1588
761
714
1263
1813
1208
3686
2634
1376
3174
1501
1812
845
2700
1719
3173
1577
2513
178
3879
1209
900
1463
36
1187
2133
2542
2651
2913
301
2509
3177
166
504
3688
2386
2918
1665
2906
425
2431
3718
2021
1107
353
2991
251
345
2114
1312
497
3724
1874
938
2455
452
1979
1927
2799
2864
543
3785
2632
2471
2837
3775
1397
2583
1889
1932
217
2258
2908
681
2310
907
1084
902
3368
929
197
414
601
1657
357
3932
4629
4955
5228
5649
