22
1 2
1 8
1 2
2 2
1 6
2 6
1 6
1 4
1 6
1 2
1 9
1 9
2 9
2 9
2 6
2 6
2 4
1 9
1 3
2 9
2 3
1 8
13
1 9
2 9
1 9
1 4
1 0
1 2
1 5
2 0
1 0
1 6
2 2
2 5
2 0
22
1 2
2 2
1 9
1 7
2 7
1 2
2 2
1 1
2 1
1 3
1 9
2 9
1 0
1 7
1 7
1 4
1 0
1 1
2 1
1 9
1 3
2 3
12
1 9
1 5
1 9
1 9
1 2
2 5
1 6
1 1
2 9
2 9
2 2
1 5
22
1 3
2 3
1 0
1 4
1 3
1 4
1 9
2 9
1 6
2 6
1 0
2 4
1 0
2 4
2 3
1 6
1 8
2 8
2 6
1 1
2 1
1 0
13
1 9
1 9
1 2
2 9
1 4
2 4
1 7
1 2
1 1
1 2
1 3
1 6
1 6
18
1 9
1 2
2 2
1 9
1 4
1 5
2 5
1 8
1 4
1 5
1 8
1 2
1 1
2 8
1 2
1 4
2 5
1 6
7
1 3
1 6
1 7
1 4
1 4
2 3
2 6
4
1 0
1 3
1 1
1 1
3
1 1
1 2
1 4
20
1 4
2 4
1 3
1 1
1 1
2 3
1 0
1 9
1 1
1 8
2 1
2 1
1 8
1 5
1 5
1 6
1 4
2 0
1 2
2 9
8
1 7
1 9
1 4
1 9
1 6
1 1
1 4
1 8
18
1 9
1 2
1 0
2 2
1 0
1 6
1 7
2 7
2 6
1 0
1 3
2 3
1 7
1 1
2 7
1 1
2 1
1 8
18
1 9
1 7
1 1
1 8
1 3
2 3
2 8
2 1
1 1
1 0
2 0
1 8
1 8
2 8
1 0
1 0
2 0
1 2
20
1 1
1 5
2 5
1 6
2 6
1 5
1 4
1 2
1 6
2 6
2 5
1 3
2 4
2 3
2 2
2 1
1 2
2 2
1 6
2 6
13
1 7
1 4
2 7
1 2
2 4
1 8
1 2
2 2
1 4
1 1
1 6
2 8
1 7
22
1 7
2 7
1 3
1 4
1 5
2 5
1 0
1 0
1 5
1 1
2 5
1 6
2 1
2 6
1 5
1 7
1 5
2 7
1 3
1 0
1 5
2 5
21
1 8
1 9
1 4
1 4
1 2
1 4
2 4
1 9
2 2
1 3
1 1
2 4
2 9
1 0
1 1
1 3
1 4
1 2
2 3
2 1
2 0
14
1 1
1 0
2 0
2 1
1 6
1 9
2 9
1 4
2 4
1 7
1 5
2 5
1 3
1 5
15
1 7
1 8
1 9
1 0
1 7
1 1
1 4
1 7
1 7
2 4
2 7
1 0
1 0
2 7
1 0
12
1 0
1 2
2 2
1 4
1 0
1 5
2 5
1 5
1 4
1 6
1 7
2 7
16
1 2
1 0
1 1
2 0
2 1
1 8
1 2
2 2
1 6
1 9
1 5
1 7
1 3
1 1
1 1
2 1
1
1 0
3
1 7
1 5
2 5
2
1 5
1 7
13
1 1
1 3
2 1
1 7
2 3
2 7
1 6
1 7
1 5
1 8
2 6
1 3
1 4
3
1 4
2 4
1 6
22
1 6
1 6
1 4
2 6
1 7
1 0
1 0
1 2
1 4
1 1
1 1
1 9
1 5
1 4
2 9
1 8
2 8
1 0
1 7
2 7
2 7
1 8
14
1 1
1 0
2 0
1 4
2 4
1 2
1 4
2 4
2 2
1 8
1 4
1 5
2 5
1 3
3
1 3
2 3
1 4
12
1 6
2 6
1 5
1 1
1 6
1 1
1 4
1 6
2 4
1 0
1 4
1 6
16
1 7
1 7
1 3
1 4
1 6
1 0
1 1
2 1
1 5
1 1
1 6
1 9
1 9
2 9
2 9
1 5
4
1 7
1 0
1 0
1 5
16
1 7
1 3
1 7
1 0
1 5
2 3
1 6
2 7
1 9
1 2
2 0
2 5
1 7
2 6
1 2
2 9
9
1 4
1 8
2 8
1 0
1 0
1 6
2 6
1 6
2 6
8
1 3
1 1
2 1
1 4
1 4
1 4
1 7
2 7
9
1 3
1 6
1 6
1 3
2 3
2 6
2 6
2 3
1 5
20
1 9
1 9
1 8
1 8
1 5
1 2
2 8
1 0
2 8
1 9
2 9
1 7
1 9
2 9
1 0
2 7
2 5
1 3
1 0
1 3
13
1 5
1 8
1 2
2 8
1 0
2 2
2 0
1 7
1 4
1 7
2 4
1 1
1 8
1
1 4
10
1 8
1 1
1 6
1 3
1 2
1 3
1 4
1 4
1 0
2 0
13
1 8
1 8
1 6
2 8
2 6
1 0
1 0
1 8
2 8
1 5
1 8
1 5
1 5
17
1 3
1 4
1 7
1 1
1 0
1 5
1 4
1 7
2 7
2 5
2 4
1 3
1 7
1 5
1 3
1 3
1 8
1
1 9
19
1 2
1 2
1 2
1 2
2 2
1 6
1 4
1 9
2 9
2 4
1 5
1 6
2 6
1 0
1 0
1 7
1 1
2 1
2 7
21
1 5
1 9
1 8
1 5
1 9
2 9
1 2
2 2
1 2
1 6
2 6
2 2
2 5
1 4
2 4
2 8
2 9
1 1
1 1
1 6
1 4
8
1 0
1 5
1 3
1 4
2 4
1 3
1 5
2 5
7
1 3
1 9
1 4
1 3
1 4
1 3
1 1
16
1 8
2 8
1 0
1 4
2 4
1 7
2 7
1 5
1 5
1 9
1 4
2 9
2 4
1 0
2 0
1 0
22
1 6
1 4
1 5
1 1
2 5
1 7
2 7
1 5
2 5
2 4
1 9
1 6
2 9
2 6
2 1
1 1
1 6
1 4
1 4
1 7
2 7
2 4
4
1 7
1 4
1 0
1 2
16
1 9
1 3
2 3
1 0
1 9
1 8
1 0
2 0
1 3
1 7
1 8
2 8
2 7
1 3
2 3
1 3
16
1 6
2 6
1 5
1 9
2 9
1 6
1 5
2 6
1 0
2 5
1 1
2 1
1 1
1 9
1 7
2 9
24
1 8
2 8
1 5
2 5
1 6
1 9
2 9
1 4
1 2
1 1
1 8
2 4
2 2
2 1
1 7
1 4
1 1
2 8
2 7
1 6
2 4
1 6
1 1
2 1
11
1 3
1 2
2 3
1 5
2 2
1 3
1 8
2 5
1 8
1 9
2 3
1
1 6
2
1 2
1 5
5
1 5
1 2
1 8
1 6
2 8
16
1 4
1 1
2 4
1 5
2 1
1 1
2 5
1 2
2 1
2 2
1 2
1 5
2 2
2 5
1 0
1 3
11
1 7
1 3
2 7
2 3
1 9
2 9
1 6
1 8
1 9
2 9
2 8
5
1 3
1 2
1 2
2 2
1 0
21
1 4
1 9
1 0
1 9
2 9
1 8
2 8
2 0
2 9
1 8
1 2
2 2
1 1
1 1
1 5
2 5
1 0
1 9
1 4
2 4
2 9
17
1 0
1 4
2 4
1 3
2 3
1 7
1 8
1 7
2 8
2 7
2 7
1 4
1 3
2 3
1 7
1 3
1 7
0
22
1 1
2 1
1 7
1 2
1 7
1 0
2 7
1 4
1 4
1 2
2 7
1 6
2 6
2 4
1 2
2 4
2 2
1 8
1 3
2 8
1 9
2 9
9
1 9
1 9
1 5
2 5
1 5
1 0
2 0
1 8
1 1
22
1 5
1 0
2 0
1 2
1 8
1 3
2 8
1 0
2 3
2 0
1 6
2 6
1 8
2 8
1 3
1 5
2 5
1 2
1 0
2 3
2 2
1 9
15
1 7
1 3
2 3
2 7
1 9
2 9
1 9
1 4
1 8
1 1
2 1
1 6
1 4
2 4
2 6
11
1 5
1 6
1 5
2 6
2 5
1 2
1 1
1 2
2 5
1 4
1 8
24
1 8
2 8
1 9
1 7
1 3
2 3
2 7
2 9
1 2
1 3
2 3
1 9
1 7
1 3
1 5
2 5
1 1
1 5
2 5
2 1
1 5
2 5
1 7
1 7
14
1 0
2 0
1 7
1 2
2 2
1 1
1 4
2 4
1 1
1 4
1 8
1 5
2 1
2 4
8
1 2
1 5
2 5
1 4
1 5
1 3
2 3
1 5
24
1 7
1 7
2 7
1 2
1 0
1 5
1 9
1 9
2 9
1 3
2 3
1 9
2 9
1 0
1 7
1 6
1 7
1 5
2 5
1 6
1 6
1 3
2 3
2 6
14
1 6
1 6
1 1
1 4
1 7
2 1
1 6
1 3
1 7
2 4
1 6
1 5
2 7
2 6
15
1 4
1 5
2 5
1 4
1 1
1 5
1 6
1 5
1 1
1 2
2 5
1 9
2 6
2 5
2 1
13
1 1
1 1
1 4
1 3
1 7
1 9
2 9
1 9
2 9
1 5
2 7
1 1
2 5
11
1 9
1 1
2 1
1 2
1 7
1 8
2 8
1 4
1 3
1 9
2 9
2
1 1
1 6
7
1 8
1 3
1 2
2 8
1 1
2 3
2 2
14
1 2
1 2
2 2
1 6
2 6
2 2
1 6
1 1
1 0
1 9
1 0
1 7
1 7
1 3
12
1 6
1 6
1 6
2 6
1 9
1 8
2 8
1 3
1 7
2 7
1 0
1 8
20
1 5
1 5
1 1
1 6
2 6
1 2
2 2
2 1
2 5
1 9
2 9
1 3
1 8
2 8
2 3
1 2
1 6
2 6
1 0
1 1
3
1 2
1 6
1 8
10
1 2
1 0
2 0
2 2
1 4
1 3
1 2
1 3
1 0
2 0
17
1 6
1 0
2 0
1 8
1 3
2 3
1 1
2 1
1 7
2 7
1 6
1 2
1 3
1 1
2 1
2 3
1 0
17
1 1
2 1
1 0
1 8
1 6
1 0
2 0
1 7
2 7
1 3
2 3
1 7
1 1
1 3
1 9
2 9
1 2
0
18
1 1
2 1
1 0
1 1
1 4
1 2
1 9
1 7
1 0
1 6
1 9
1 1
2 1
1 3
1 9
2 9
1 0
1 8
6
1 5
1 9
1 5
1 3
2 9
1 2
15
1 7
1 9
2 9
1 3
1 1
2 1
1 8
1 7
1 3
1 1
2 1
1 0
2 0
1 9
2 9
4
1 2
1 1
1 3
1 1
1
1 1
18
1 7
1 3
2 3
1 6
1 9
1 5
1 8
2 9
2 8
2 5
1 9
2 9
1 6
1 3
1 3
2 3
1 6
1 3
11
1 3
1 5
1 9
2 9
1 3
2 3
2 5
1 6
1 9
2 9
1 6
8
1 1
1 7
2 1
2 7
1 6
1 3
1 5
2 3
3
1 3
2 3
1 5
24
1 7
1 4
1 3
2 3
1 2
1 4
1 8
1 8
2 8
1 5
2 5
2 8
1 7
2 7
1 8
2 8
2 4
1 1
1 7
1 6
1 0
1 6
2 6
2 0
24
1 3
2 3
1 4
1 3
1 9
2 9
1 4
2 4
1 4
1 3
2 3
1 6
2 6
1 1
1 1
1 5
1 6
1 2
1 1
2 6
2 5
1 1
1 8
1 8
18
1 0
1 3
1 3
1 8
2 8
1 6
2 6
1 8
1 9
1 2
2 9
2 2
1 0
1 4
1 9
1 3
2 9
2 3
0
