666
71 5796 2489
88 1136 5298
42 420 842
10 3978 4126
91 3108 5681
65 1312 6981
82 2688 3716
116 9306 6574
29 9075 3371
43 1932 761
89 8640 3625
100 3344 6264
48 8946 5318
100 4794 4814
65 4312 2181
4 2852 1506
51 2128 1161
51 1824 6353
40 450 2582
59 1600 1653
73 9240 2357
69 427 3771
132 7098 9806
98 2242 4926
63 6545 1635
35 460 2217
48 1740 1082
105 8680 5877
33 6468 7697
108 6960 7850
7 1125 859
97 7128 5101
66 8778 1646
103 4428 7057
9 3876 1553
37 180 937
53 3240 9397
29 31 963
19 8460 2633
78 9310 2862
30 104 684
76 5616 3064
62 7410 1430
73 5720 2925
76 498 6926
102 6480 6842
9 5880 2573
121 8091 8539
54 6424 5514
71 2565 3355
43 2900 3489
49 2520 4085
112 2808 6706
77 9000 2869
69 2187 6651
49 2624 7749
118 9372 6986
92 7488 4016
31 560 1653
80 4158 4126
41 1584 733
94 9870 3998
89 8100 3841
69 8151 2003
14 1666 3558
114 6916 8658
22 6018 4646
50 1764 1394
86 4950 3598
82 1628 3306
69 2187 6651
70 9728 1956
11 5733 2011
58 780 4250
36 1200 536
115 6204 6569
78 4092 8786
58 1722 1886
38 832 756
123 6020 8625
28 8960 3600
33 4056 2909
133 4187 9051
92 5880 4010
73 3975 3059
5 6720 2813
12 378 926
87 1768 3861
53 2560 1305
56 768 4136
65 9000 8525
35 405 2107
32 442 462
78 1376 7428
11 85 315
55 116 3369
7 1280 2625
110 7360 8628
53 627 1451
45 4851 4139
88 9450 4294
52 2720 8250
107 1513 8211
82 5390 9750
123 7308 7337
27 3285 7355
60 2262 8246
6 4488 1676
87 4200 5069
44 7350 5366
93 4875 5819
83 9900 3449
41 8064 4373
59 5824 1389
70 2736 2674
8 2886 2054
85 2940 9713
2 1140 530
118 3150 7390
46 1368 946
89 3040 5865
58 5850 6334
113 8160 7817
14 6750 2686
84 9100 3378
63 6600 1589
9 5880 2573
86 736 8484
25 2160 1717
96 3876 6074
33 8103 6707
25 440 237
30 3420 7802
98 7680 5012
56 1080 2098
80 6840 3538
77 3003 8411
89 1927 3891
80 876 5354
3 2160 1145
95 2016 7129
36 7680 3920
96 1806 7454
21 9639 3123
87 2280 5837
48 4260 5450
118 6710 6750
26 9328 3186
69 7104 2009
27 4368 3821
48 672 3176
27 153 371
24 6110 2478
39 9856 4413
111 8200 7365
87 8385 3395
58 690 4862
57 5688 6581
46 1026 3334
91 1640 6765
1 9504 1993
4 1232 696
21 5720 2205
56 6300 5818
7 6720 1625
64 7920 8600
37 9768 6581
65 4320 6517
93 2940 5345
61 2016 5249
38 7452 5506
120 7056 9944
52 5168 906
34 6030 5398
52 6468 6386
79 152 5781
32 3120 4280
4 1782 1822
62 8280 1330
40 7254 4094
22 468 1466
104 4050 6358
81 1235 9195
95 3888 6661
4 7614 5134
93 8580 4745
15 3417 7091
58 2720 1572
61 4928 1557
106 5688 6826
69 1484 3009
122 6624 9754
13 2816 1209
2 720 362
17 168 101
25 3311 2019
109 2604 8849
26 4554 2318
13 32 261
67 6120 7405
10 1026 2174
55 5180 5697
74 7344 2674
73 3591 3379
79 296 5493
38 736 2148
84 8400 3320
21 9000 2981
113 7360 8745
76 9240 2378
9 4331 8763
45 3408 5621
32 5472 6632
45 4851 4139
114 9184 7524
115 3213 6571
28 1272 3386
81 9600 2993
63 5661 1739
104 882 9622
48 2280 962
11 8424 4453
18 6000 2954
16 4320 1960
52 1278 5366
35 160 1617
34 4134 3014
65 1900 2073
43 992 1041
31 1760 2025
109 5544 5909
66 1140 3290
93 6132 5561
98 1092 7226
41 7296 6809
2 3672 1082
95 6160 6093
12 5472 1832
13 3672 3901
76 6000 2936
13 4403 1707
127 3888 8101
70 7392 2276
21 3444 1913
3 1000 1029
24 186 998
84 4002 3902
79 4560 9185
71 496 3909
67 6993 1891
32 1872 3032
102 1680 6842
6 3996 2114
109 1152 9361
66 4080 7490
79 5700 9161
17 1560 1925
60 3330 1718
88 2352 9656
53 3496 9909
65 2992 2241
99 9920 4893
82 5940 9970
75 3192 3461
26 4000 2916
67 560 3237
50 3640 4338
1 4896 4909
5 8280 3437
41 6256 5169
18 3458 1662
89 8815 3555
16 2016 1154
10 1610 3342
33 72 1301
51 7176 6629
7 6720 1625
11 4060 8265
38 616 684
93 891 9819
94 5994 4294
33 476 489
110 990 9902
83 3201 9539
77 2464 7809
42 3660 3962
104 2442 5726
19 4400 1821
27 4284 5129
53 4428 7457
17 928 921
41 3588 5441
48 3520 840
17 7632 7997
69 3024 3029
37 8064 4573
50 1440 3652
24 1950 1646
4 3780 1090
9 6804 2529
20 8586 3574
27 3008 2481
22 924 1154
59 3724 1689
26 9916 5874
96 4130 4710
6 8436 1874
19 189 139
60 4872 1466
42 3698 9246
44 6460 5010
61 3096 2029
140 4774 9774
39 864 809
68 8272 9336
75 1320 2837
85 4455 9907
47 3640 4437
62 2970 2182
53 2352 1241
22 374 1278
80 5740 2922
92 2772 6082
67 1485 3115
33 1092 401
66 4680 2258
36 186 974
68 2496 2864
113 3136 6273
70 2310 2318
65 8464 9009
33 4452 3041
65 9315 1483
13 4712 9621
48 1530 1262
109 2112 9341
22 4950 3934
77 840 4925
78 4656 9674
75 4312 2901
33 4200 9557
1 8840 8853
55 9828 6361
89 8712 4621
8 1512 706
55 4536 7789
56 6270 1070
79 7760 9573
61 1715 2475
37 1344 2369
40 4736 6504
114 5214 7334
53 820 1785
72 1128 2786
23 2080 1785
62 5544 1594
89 3040 5865
39 684 689
23 6072 2381
68 9790 8142
55 1665 1603
70 4116 7154
121 2444 9513
68 3520 2352
36 480 680
75 744 3989
68 6468 1922
91 1640 6765
44 2574 734
107 9625 6579
6 3510 2430
57 987 2267
2 234 254
61 5355 1595
49 5544 8149
105 8352 6041
13 5180 1665
16 1674 1078
38 7650 6790
37 6240 4817
38 1360 570
66 2300 9090
40 338 846
64 7920 1528
51 9576 6149
94 9450 5206
101 8184 5333
7 5600 2409
48 1530 1262
60 5202 1526
28 342 1526
108 5376 5864
92 4284 5074
105 9828 6561
4 266 558
48 3750 6254
50 4104 5554
32 1872 3032
76 5096 3354
73 7280 2325
33 735 2627
76 146 5334
95 4480 6513
83 2272 5121
61 539 2523
35 6396 7769
62 2064 2114
50 4320 868
43 192 2321
11 7605 1915
56 5616 1154
19 7100 7545
17 4275 8875
50 3402 1006
1 6479 1443
22 6588 5026
60 3990 1622
32 5022 4582
107 8208 6521
85 395 6267
80 7840 9768
51 3696 989
31 1860 4745
67 5160 7637
27 600 269
46 9108 5026
27 7728 3701
1 3335 1395
68 5280 2120
95 3312 5341
66 3520 2100
76 7448 2826
99 4524 4889
97 5624 5853
28 7812 4946
9 7020 7145
26 5824 3828
28 9198 7102
99 2720 6693
51 3969 963
78 9800 2892
35 2800 2613
58 4320 1540
43 3485 8907
43 5733 4187
64 3536 1848
2 7680 7700
27 380 1545
69 3240 2205
8 7326 1814
40 812 906
85 360 8117
12 3380 6930
81 2720 4713
85 3432 3461
55 1560 4277
14 1204 2634
113 2607 7331
13 6027 2171
86 3190 3870
83 1392 3941
60 490 2502
75 2565 3483
10 8360 2082
35 3157 7611
6 96 164
26 6336 7124
6 4958 9966
62 2200 8370
24 5394 4334
76 2790 3950
91 2340 6193
72 2250 2654
15 8360 2397
15 3552 1661
75 7800 2813
103 9360 5885
116 6106 6894
85 1760 3537
12 2508 5186
57 2295 7955
69 2240 2253
71 9009 8483
1 3456 1769
12 8364 2114
89 7144 3669
48 3168 872
69 9576 1853
85 8700 3377
78 2730 8390
43 2261 699
110 3136 9684
67 3344 8109
105 2679 5459
47 3025 867
64 5264 9624
82 1550 3462
79 4032 3097
22 2700 2434
14 972 826
48 258 1862
93 7455 5315
58 4032 1396
20 154 174
128 3990 8150
70 1920 2708
10 5280 2852
51 2145 4355
93 7455 5315
50 3750 950
79 2420 3513
115 5772 7001
58 6786 8254
102 5400 6210
113 2847 6851
14 832 756
23 8232 2741
28 2646 2734
136 4550 9126
33 9048 3677
61 2300 2241
135 4320 9317
80 2680 4578
72 9360 2072
61 1848 7541
47 252 1777
16 5576 2034
44 486 2998
106 7626 5534
49 3600 901
88 5148 3802
20 112 216
34 1430 390
52 2240 1200
24 186 998
71 4165 7323
14 9672 9932
114 4560 9290
68 816 2858
35 301 1899
113 8883 6187
107 7885 7275
67 8832 1697
89 5460 5105
49 6624 4969
47 1105 4515
71 9240 1973
47 1180 3585
12 690 590
71 9828 2041
74 3822 8486
18 1080 972
5 1539 1099
89 3256 5613
84 1104 8504
55 1344 1469
9 7360 3165
88 4500 4234
91 3740 4185
11 3885 1835
53 7800 6509
58 1406 1734
73 2436 2609
84 2352 9752
80 8712 9986
69 2460 6833
14 9072 3082
53 6396 7409
90 5508 3906
42 2394 4334
35 1440 2413
95 4144 4509
25 4935 2483
81 8883 2987
49 7280 5133
11 3861 1339
98 2112 5186
111 3948 9041
82 1400 5004
20 2590 1518
85 6272 3441
57 4800 1349
14 972 826
11 7344 3913
6 7296 2084
55 3185 9507
50 3328 996
122 3618 7406
13 3483 2587
21 1920 1865
87 5984 4809
79 6380 3585
7 2184 869
8 6118 2022
74 6240 2948
72 1920 3680
17 2520 1517
9 456 413
98 3060 7322
45 2907 731
89 1215 6595
50 4114 894
81 4248 3821
86 1804 3618
77 960 3857
21 504 1493
29 675 2251
86 8250 3686
66 7480 7410
48 3696 824
50 2688 1076
29 4840 3525
113 3040 9285
86 7866 3814
109 7752 6077
76 2576 2904
85 2604 4289
115 6120 6653
20 8260 4722
37 1083 3611
25 2016 2749
38 8568 4322
12 5952 6152
21 3128 6741
13 72 341
55 2625 1475
101 4816 7509
51 2040 1325
38 1690 4902
38 742 3006
75 8096 2529
90 2904 4844
91 9200 3741
9 299 699
77 3960 3757
38 2728 4332
84 5376 3728
119 2697 8531
42 3570 8990
66 5280 2180
108 1920 9320
51 2244 1313
8 10 30
85 2856 4829
114 9660 8738
43 1296 2989
94 194 9414
41 3600 3841
63 3240 2205
59 5616 1333
29 7192 4701
29 819 299
103 2160 6085
8 3220 1770
56 5250 5846
56 5346 1174
51 7776 5409
32 658 2406
35 6840 3493
6 1176 554
36 4480 5928
89 7735 4563
106 1116 8794
15 5160 5453
70 5922 9286
53 3276 1153
